16 1024
13 3 39 5 32 37 36 39 9 31 37 29 3 19 35 50
42 20 36 3 38 34 46 21 47 13 25 27 17 22 5 42
41 25 14 17 13 44 7 23 47 20 11 32 18 22 12 45 42 13 11 23 50 26 45 18 22 13 41 9 37 45 39 13 40 34 15 45 19 44 43 12 20 31 26 24 45 1 37 44 37 28 38 18 46 16 44 7 16 12 9 41 5 40 8 50 48 22 14 47 15 11 48 43 34 43 46 39 24 35 17 12 43 49 1 41 37 34 40 18 33 45 45 36 12 30 38 39 3 46 14 23 35 47 5 40 47 21 1 14 39 49 1 41 17 29 19 21 22 11 6 41 14 17 37 39 1 13 13 5 35 18 25 40 13 47 33 20 28 10 28 22 41 39 1 1 14 10 11 39 6 19 19 22 44 23 48 21 6 14 1 5 39 33 21 21 30 32 47 3 13 2 43 30 47 1 41 28 25 44 23 18 1 39 7 47 33 10 2 14 8 37 7 8 21 20 24 16 25 3 47 22 30 13 2 44 41 34 50 17 25 49 6 50 18 20 4 2 27 34 30 28 12 40 20 23 22 35 32 39 6 33 41 11 5 28 20 26 31 34 2 9 8 50 38 37 19 36 40 11 34 35 48 30 28 5 39 1 24 45 50 46 17 5 17 13 20 6 48 30 31 6 14 13 2 22 6 26 16 17 38 18 39 48 29 7 38 13 26 9 4 10 27 18 41 13 45 10 13 5 14 22 36 19 35 34 38 4 11 23 6 3 29 24 37 43 5 6 14 2 32 8 40 4 23 36 7 29 13 20 10 45 45 3 37 32 20 38 43 43 12 6 29 11 26 10 6 20 8 33 50 38 8 45 10 20 13 49 6 44 36 42 6 26 3 26 26 24 5 16 47 11 13 36 37 45 19 17 8 4 35 6 1 32 42 40 49 31 34 15 15 24 31 42 36 11 46 12 38 25 41 34 16 48 15 8 21 20 25 42 27 16 12 21 24 10 20 6 44 21 47 43 27 35 7 30 16 10 27 50 6 37 28 42 30 5 27 16 45 39 41 29 17 19 5 4 22 29 32 26 30 43 7 50 7 38 19 19 50 37 31 39 49 39 2 19 44 3 12 16 7 23 44 36 17 43 17 13 7 32 15 35 32 14 33 44 36 27 34 10 40 8 1 23 9 11 49 20 23 20 30 9 29 37 22 47 6 21 49 49 4 28 8 23 40 41 21 17 4 20 22 49 14 15 27 7 16 4 42 4 9 35 44 14 32 21 27 6 28 44 2 4 32 45 15 32 41 8 3 31 11 14 41 3 20 14 45 28 15 50 37 34 27 9 46 19 1 16 19 39 21 18 29 41 49 16 23 13 43 17 14 45 25 43 6 31 37 17 49 1 18 42 6 38 44 25 49 16 43 49 24 40 15 28 23 48 19 7 28 26 16 11 9 32 24 40 14 34 15 9 13 48 6 42 48 13 15 5 45 29 8 4 10 37 16 22 3 25 47 46 1 25 33 30 50 16 17 22 10 49 48 20 14 33 22 28 16 1 37 20 31 27 12 48 19 44 46 27 12 48 32 16 27 45 2 45 44 12 22 35 2 18 7 30 20 50 47 28 41 24 49 45 44 5 29 31 8 5 50 8 24 35 4 10 46 15 14 34 37 46 47 40 46 22 45 37 50 30 8 27 5 46 43 41 46 38 49 35 4 5 43 49 5 16 43 31 47 3 36 32 36 46 50 46 5 23 36 43 27 48 29 29 41 9 23 31 18 36 21 25 3 48 12 1 31 45 23 14 18 24 14 24 1 44 50 22 34 23 32 36 36 12 38 10 36 38 48 34 34 18 11 17 34 24 39 11 30 24 6 44 14 29 14 22 46 37 16 21 23 5 3 2 16 32 10 37 3 7 30 9 10 48 35 8 42 23 17 49 48 20 10 32 14 23 29 26 4 30 22 8 41 20 4 4 3 14 19 28 43 44 43 47 5 1 48 31 28 3 6 35 14 48 24 3 12 29 28 13 19 13 9 45 41 2 32 33 22 16 43 49 26 16 19 37 24 27 27 3 6 43 1 43 15 42 28 35 41 26 4 40 49 43 15 7 23 44 2 23 19 35 21 50 43 17 10 46 2 9 17 33 49 19 33 9 35 42 13 42 3 50 22 18 30 25 8 4 6 17 7 48 22 49 30 11 4 23 12 24 18 12 37 40 43 24 46 45 9 6 27 26 2 27 19 7 21 13 38 5 26 11 9 38 2 27 30 10 42 41 29 29 48 27 3 21 6 6 12 37 36 39 20 33 4 3 38 29 38 5 32 50 18 44 19 40 41 45 17 46 26 36 5 32 41 42 3 34 37 23 35 6 24 12 4 1 12 23
58 509 591 715 106 814 719 282 474 84 581 247 588 454 180 16 766 906 659 331 181 393 89 577 113 238 520 155 233 974 757 224 935 127 357 196 35 462 1018 61 332 578 582 98 994 712 546 112 947 877 868 866 95 729 707 341 235 854 962
57 219 555 631 213 775 552 626 1014 503 513 392 435 799 586 655 817 305 139 432 82 390 461 777 768 756 424 620 465 686 352 164 924 750 627 194 256 811 416 371 637 1000 327 933 192 179 57 241 463 123 458 849 178 411 163 376 410 67
59 554 142 737 796 397 1010 249 18 185 990 152 747 541 356 335 816 133 65 347 955 278 850 154 408 945 382 968 505 790 927 920 1023 387 647 175 602 954 922 656 543 396 774 936 419 96 137 941 861 153 829 260 951 257 45 1015 368 361 1016 471
67 615 932 821 202 295 913 971 193 959 1008 1003 429 216 551 998 570 517 343 611 964 267 448 718 413 160 653 782 619 967 628 599 979 340 833 697 760 651 355 566 837 28 280 534 808 21 966 80 918 630 585 759 34 663 732 523 668 71 836 375 402 594 409 690 144 972 793 519
72 350 739 297 328 172 592 245 597 242 731 404 589 478 336 86 765 823 703 14 177 237 792 717 880 261 853 170 784 978 268 385 77 286 26 726 952 203 8 727 401 522 530 10 212 259 565 770 378 445 867 76 1017 694 206 314 528 741 548 988 59 296 199 943 559 307 929 614 354 805 515 571 662
62 115 944 349 412 940 441 857 956 494 989 1001 982 360 598 807 74 915 665 161 618 148 873 950 326 176 778 12 29 980 806 826 879 1013 107 217 381 751 17 576 225 145 798 449 97 156 63 3 141 870 609 786 728 963 207 953 903 481 221 560 464 925 893
55 856 683 189 595 246 208 231 364 562 442 911 109 134 479 485 418 910 33 344 269 875 422 930 491 9 200 985 996 389 22 820 685 676 122 489 623 818 116 272 197 568 838 958 822 984 753 283 780 31 894 271 372 773 752 288
70 800 157 624 891 73 815 52 642 987 46 613 764 834 1002 772 450 795 965 1006 467 695 162 468 69 330 228 542 306 420 121 809 687 763 320 556 827 118 749 736 204 740 316 969 191 214 746 186 890 525 427 794 863 501 440 276 403 677 55 243 779 285 587 167 322 1019 325 632 558 743 183
56 495 453 88 785 708 1022 650 500 612 146 526 346 636 277 229 580 536 483 299 590 835 885 87 804 168 425 484 255 472 661 902 787 909 298 384 294 309 679 865 702 388 19 460 550 948 673 380 51 828 608 234 881 720 907 691 215
66 128 497 904 119 366 917 101 748 672 639 159 201 524 262 755 762 210 508 533 831 25 358 664 844 93 889 742 111 714 995 329 722 961 444 788 1005 926 678 716 287 681 649 436 92 892 1 629 916 864 842 888 220 315 754 90 667 914 273 105 601 399 705 886 801 997 791
70 1021 640 290 124 767 960 60 438 40 310 675 986 646 457 607 108 132 138 373 669 480 49 433 369 367 896 431 696 43 386 711 313 584 825 671 421 682 862 488 303 50 761 527 319 102 1011 475 884 99 36 205 251 54 317 561 937 120 812 840 248 654 41 674 407 819 218 492 338 405 898
62 810 47 406 110 957 83 874 130 949 117 125 845 394 529 1004 70 713 735 496 187 104 771 252 859 11 603 78 1007 85 6 832 899 289 670 129 698 839 545 293 939 912 531 103 414 100 504 279 165 437 579 616 188 1024 470 684 699 351 32 334 230 499 253
78 244 638 363 79 923 223 447 304 567 38 68 776 843 222 321 600 858 593 689 824 901 942 919 532 166 265 292 900 439 486 466 1020 723 604 644 239 557 938 158 281 539 625 700 622 266 362 970 391 688 855 323 999 348 300 24 537 345 493 934 150 452 274 250 993 39 48 701 270 502 66 802 573 27 583 830 657 617 569
61 417 977 928 498 908 459 383 5 184 370 147 897 13 512 275 136 680 135 64 574 507 455 721 94 1012 549 575 734 851 7 758 284 946 992 514 151 704 20 563 544 227 451 211 258 511 339 860 733 359 149 882 443 660 446 931 883 564 395 254 477 53
66 643 895 789 302 190 195 4 415 975 131 226 333 469 878 658 633 648 692 621 342 324 666 738 783 15 706 318 709 114 852 976 482 428 473 400 872 506 430 1009 725 174 887 869 606 724 803 635 781 841 30 490 973 693 535 423 871 876 209 23 652 236 641 126 379 516 58
65 744 301 605 572 337 232 37 596 143 264 797 377 75 182 905 710 540 487 769 140 981 291 983 538 510 42 634 44 311 730 434 81 263 645 848 847 921 173 56 240 365 62 91 353 171 72 846 426 553 610 308 456 169 521 198 991 813 547 518 398 374 2 476 312 745
