32 1024
42 16 37 9 11 23 8 26 8 45 30 41 47 28 10 34 41 6 9 33 21 20 12 24 26 21 37 32 22 8 20 47
13 41 21 39 42 21 28 46 44 25 16 31 20 28 40 14 23 48 7 1 31 23 21 50 9 42 32 40 48 30 50 22
11 7 30 33 23 8 16 1 23 36 50 43 13 1 44 16 44 41 37 11 28 8 29 8 47 12 34 33 39 42 24 48 18 19 27 20 3 44 41 23 24 47 32 42 31 39 33 10 9 17 44 18 50 17 27 30 37 34 4 37 28 45 41 34 40 38 49 27 14 3 16 30 41 28 40 2 7 37 5 15 39 19 21 50 21 12 5 35 41 27 28 25 12 31 17 9 46 25 26 9 26 47 48 21 47 16 29 43 47 43 49 2 24 34 32 38 21 27 50 28 38 5 8 8 32 2 23 42 36 30 33 21 38 36 37 32 44 49 40 13 11 36 38 43 34 43 7 48 45 46 30 34 12 27 34 19 30 41 47 30 20 1 43 33 12 12 20 29 37 37 40 9 29 41 36 50 27 21 34 10 48 27 32 26 38 48 30 11 35 48 28 46 3 41 43 20 36 9 19 6 7 11 30 39 30 41 19 41 33 22 27 43 49 26 5 21 22 42 40 2 28 45 45 36 6 48 33 44 45 49 19 8 28 12 48 18 11 49 19 9 38 37 46 15 22 20 31 29 5 47 9 18 19 10 23 16 35 16 48 32 14 15 40 20 17 33 35 34 28 38 22 19 15 10 15 3 46 24 22 39 23 35 40 9 50 39 41 40 3 29 49 30 33 50 2 5 42 49 9 49 10 10 20 8 31 6 34 10 11 6 37 25 7 22 31 35 22 37 14 14 9 7 30 16 16 30 12 9 15 44 44 25 45 28 29 35 47 1 5 23 8 3 30 46 27 3 10 22 23 31 7 10 50 4 39 24 37 40 41 8 36 19 31 17 6 27 14 17 33 18 45 25 9 27 26 33 2 42 26 27 24 27 44 26 26 33 24 34 2 21 49 23 11 43 39 4 12 32 28 36 26 41 7 36 49 24 45 17 28 6 31 22 8 34 26 9 15 21 8 31 8 43 4 5 39 45 27 48 41 34 13 5 50 10 16 18 41 31 4 38 40 39 8 7 18 17 16 25 20 7 17 7 23 17 46 48 15 27 31 20 27 13 32 37 39 3 48 17 40 24 3 21 14 45 16 50 9 16 42 8 21 1 1 45 3 20 41 36 29 2 30 39 39 18 9 3 4 10 37 31 10 32 16 25 7 26 32 36 1 22 2 17 17 2 18 18 21 18 46 35 35 30 6 7 48 37 28 24 36 3 4 50 24 42 29 43 10 13 38 35 30 22 29 20 47 29 30 22 25 34 35 14 50 49 20 13 12 48 48 46 48 6 19 16 34 5 22 43 32 26 11 20 23 49 19 30 12 45 46 46 25 21 49 7 44 31 31 9 9 32 25 37 21 50 38 20 4 11 36 7 2 31 17 34 28 19 39 50 44 24 31 41 26 37 27 41 13 24 30 45 46 13 34 30 1 37 9 20 33 33 29 18 31 42 29 22 41 26 26 36 30 40 5 3 20 36 41 1 38 34 31 28 37 40 18 24 42 33 18 31 4 19 41 5 47 1 35 41 43 18 1 22 19 50 17 40 6 6 45 4 23 30 1 26 40 18 29 16 14 41 26 26 11 20 9 25 20 31 47 14 49 4 48 3 18 10 19 48 9 42 5 18 14 40 27 11 10 6 16 3 7 7 28 32 35 48 45 47 38 12 35 5 29 2 30 30 14 46 29 20 12 11 37 49 44 44 13 6 36 14 45 37 47 1 34 30 34 40 49 48 48 35 12 10 31 4 11 17 16 38 4 25 13 5 2 45 29 19 18 14 21 36 45 44 35 3 27 40 31 4 3 32 25 42 48 20 12 38 17 12 16 29 28 25 26 36 43 33 22 30 19 9 38 50 39 39 5 15 9 18 47 46 2 37 44 20 36 3 10 23 8 27 10 35 26 14 32 22 24 6 50 24 40 36 11 6 7 21 13 43 29 17 5 46 26 36 1 6 4 6 36 3 34 37 46 40 34 7 36 41 30 50 30 5 12 16 17 27 15 45 8 36 45 38 17 1 31 7 32 15 9 2 47 31 38 17 5 38 22 46 48 11 33 44 1 15 49 25 15 37 35 18 21 36 6 43 3 13 34 46 15 1 7 29 3 13 29 5 27 22 35 14 20 37 8 37 36 7 20 43 16 20 28 10 2 8 26 6 12 27 48 38 48 35 29 31 7 32 13 27 45 5 18 7 6 27 8 33 12 12 32 33 40 33 18 2 40 9 15 22 4 14 41 30 21 40 21 23 26 44 2 48 34 28 37 18 50 38 19 4 6 6 37 41 50 32 40 14 12 50 49 13 7 21 38 26 26 9 50 22 24 4 14 35
25 349 619 794 439 469 72 814 465 467 494 522 752 614 689 442 93 541 549 162 378 348 328 983 338 749
37 937 779 554 585 884 951 768 425 385 964 655 808 823 730 778 312 566 307 622 694 542 556 409 869 597 851 344 122 169 325 487 993 701 803 679 996 500
29 620 225 154 129 745 181 862 308 490 538 521 877 927 878 438 218 724 1000 594 598 604 466 918 834 864 271 873 935 330
31 1012 970 345 900 940 424 170 471 322 418 88 817 245 847 577 561 968 858 404 647 917 514 712 816 317 574 703 334 286 881 432
34 838 770 533 485 383 297 624 751 287 199 696 133 956 924 690 459 57 176 180 797 365 687 285 579 798 398 165 141 449 629 444 25 388 602
24 539 658 492 9 258 370 175 827 899 59 943 419 112 704 497 336 719 242 600 711 126 786 811 903
36 38 244 31 1020 62 572 43 276 1018 665 139 22 265 39 582 157 166 447 341 850 953 407 938 831 592 120 545 571 461 252 184 680 163 753 70 83
36 391 905 281 395 518 247 829 671 145 182 874 435 757 347 941 326 74 106 119 197 476 376 453 428 478 682 56 71 183 750 302 230 796 524 87 124
26 675 974 784 339 445 498 774 321 515 564 280 127 125 909 717 813 819 187 113 660 743 366 825 981 952 172
21 586 1001 255 278 437 58 384 408 327 369 486 101 204 879 273 700 203 836 253 256 728
35 866 926 67 140 668 815 580 795 540 681 788 791 196 997 960 633 228 1014 108 261 220 726 573 643 961 78 158 279 290 164 525 63 213 744 148
19 812 713 652 835 979 422 415 896 789 537 128 217 311 826 331 612 94 821 606
32 37 912 975 40 790 865 69 911 990 565 567 593 588 959 60 854 725 10 86 237 589 254 615 688 893 824 100 301 985 603 146 669
38 799 852 693 755 17 300 111 319 625 907 386 860 883 314 291 769 800 110 357 653 251 329 732 535 332 193 722 375 393 475 984 374 402 636 544 117 288 727
46 523 235 631 807 81 1007 787 856 282 390 920 998 29 114 413 198 316 137 678 618 239 805 178 482 610 590 748 1003 601 638 135 716 179 684 848 234 493 904 400 1010 611 1009 737 506 27 534
39 11 488 429 123 885 662 354 130 931 355 828 670 343 313 310 528 227 692 216 648 656 411 410 90 1011 458 659 462 697 73 318 171 986 721 405 210 954 853 502
31 818 236 536 988 780 510 531 1008 21 776 274 221 42 121 969 450 559 1015 876 264 607 2 149 762 925 257 361 143 894 765 913
29 421 267 686 342 889 583 61 763 80 520 560 4 15 767 890 441 575 849 833 972 570 131 967 233 66 950 627 623 871
30 412 543 977 505 452 978 430 118 872 13 272 293 971 144 1022 240 708 845 14 676 34 563 358 804 886 20 511 173 5 451
33 557 99 177 982 529 657 426 33 294 863 470 766 1019 642 489 275 296 945 526 209 186 350 75 45 44 844 324 161 530 517 809 295 729
36 651 756 958 908 8 52 1005 649 901 991 97 928 335 250 362 742 645 777 68 552 691 915 558 772 962 472 683 581 484 739 932 134 82 309 999 628
34 892 270 389 617 880 363 634 189 381 103 190 587 226 305 989 551 50 136 966 23 761 201 397 54 303 775 229 948 359 219 946 481 1017 315
26 810 18 16 371 1021 306 830 942 785 922 1024 698 434 48 793 109 637 159 168 1023 677 433 720 105 320 205
40 944 353 64 403 76 630 98 249 262 875 635 200 839 248 266 174 215 957 12 351 841 340 746 364 232 702 427 760 53 965 916 806 212 992 454 758 949 646 663 888
31 897 268 89 132 104 672 436 138 260 887 289 480 895 861 224 116 994 84 263 735 733 85 28 546 299 377 754 709 304 891 463
22 503 231 584 499 191 591 822 644 616 973 939 41 910 921 882 1006 464 846 352 666 976 664
21 192 599 243 930 513 92 373 820 837 640 367 1004 519 479 457 685 782 595 929 621 19
35 923 736 639 298 238 773 710 51 781 661 155 283 387 562 77 259 626 379 26 420 714 906 223 30 919 91 448 3 24 699 195 608 446 715 654
41 792 547 870 35 914 832 980 417 578 706 868 107 206 855 859 491 1002 115 95 802 569 222 495 246 65 842 933 576 532 474 153 207 764 55 840 49 368 747 443 605 641
39 731 1016 360 356 208 102 527 568 673 399 416 963 7 632 947 152 346 857 32 512 934 555 188 150 477 741 508 738 955 553 269 380 36 284 707 936 507 292 440
32 382 483 46 142 723 147 406 372 455 456 718 995 1013 396 609 423 496 596 241 734 473 185 323 194 468 337 501 740 460 160 214 898
36 667 1 705 156 759 96 867 211 516 151 801 783 431 167 771 401 509 695 843 548 550 277 674 613 394 504 650 79 333 987 902 202 47 6 414 392
