64 1024
5 9 45 49 29 31 9 36 39 48 48 38 31 25 22 24 49 3 11 13 23 42 27 33 3 40 33 24 39 37 3 45 20 22 2 40 14 38 45 27 31 8 42 18 12 45 37 42 12 7 41 39 41 27 29 1 32 7 49 48 41 30 13 6
9 14 24 11 15 8 48 20 34 19 23 33 27 28 8 38 46 34 24 23 22 9 42 16 37 11 11 16 26 38 12 6 32 16 20 9 42 17 5 43 47 42 13 34 38 27 42 30 26 3 35 43 36 3 17 11 49 41 4 11 3 41 34 12
39 44 43 45 3 26 5 6 3 9 20 33 7 19 35 42 42 13 49 17 41 24 2 29 36 25 23 8 31 5 26 34 27 43 31 43 4 19 46 35 46 3 34 1 21 31 24 43 49 42 38 31 44 29 16 44 38 17 44 46 33 25 10 14 30 42 41 33 36 48 1 43 28 39 29 21 46 27 7 38 9 12 24 44 1 11 19 15 13 7 46 12 28 5 8 15 22 21 44 26 16 18 22 7 12 16 41 33 18 5 30 5 45 18 25 12 45 43 21 39 9 24 47 9 11 16 35 45 13 34 35 31 39 34 19 8 18 41 10 47 2 6 17 27 7 29 7 35 9 47 39 43 36 13 32 7 1 2 2 17 27 19 26 32 28 26 41 35 4 6 41 5 6 10 45 21 12 28 5 48 7 21 33 28 20 45 5 5 47 34 34 23 19 1 1 43 9 35 7 32 15 46 33 25 37 14 24 32 18 34 29 11 2 34 36 28 3 19 31 35 17 11 41 25 16 11 8 12 7 2 27 48 12 2 42 22 3 11 28 21 27 20 14 14 50 13 26 45 41 45 39 44 22 12 39 18 13 31 31 25 10 16 38 42 24 31 34 34 44 39 43 28 21 31 27 7 32 30 47 23 2 26 40 16 11 21 7 37 41 2 39 21 7 41 9 41 15 16 29 49 15 17 38 45 23 48 27 41 22 14 42 5 31 13 12 40 21 12 49 26 46 46 47 9 20 39 10 45 9 34 20 28 29 8 13 16 12 33 17 39 11 27 43 41 32 31 26 42 37 13 49 39 28 16 8 27 10 20 49 8 31 35 1 7 12 28 22 5 11 7 33 47 29 19 13 42 37 26 48 42 22 40 32 26 40 29 23 32 26 7 33 36 48 26 23 3 43 18 32 45 17 32 35 4 10 16 17 48 40 35 28 44 23 45 37 38 28 33 29 47 45 4 14 18 50 28 7 31 17 48 18 47 16 14 39 6 31 28 1 36 18 28 9 35 4 48 9 14 49 39 35 29 28 45 49 41 46 24 2 2 23 31 25 24 40 15 49 28 31 6 42 6 28 15 8 6 9 27 26 1 44 40 19 5 46 42 31 10 4 11 39 8 48 39 2 30 35 21 13 44 20 34 39 16 29 33 36 47 44 2 20 44 17 6 17 44 32 10 40 27 27 34 3 31 8 35 40 13 21 27 28 42 5 7 17 10 23 39 8 25 43 29 30 14 36 12 38 42 35 7 38 1 31 31 33 43 46 31 16 19 16 36 21 25 6 34 18 28 6 8 12 10 30 7 2 5 26 4 32 42 44 27 39 13 28 20 29 6 28 16 36 4 9 18 9 39 40 32 39 22 36 44 6 3 42 25 8 19 11 19 31 45 37 49 41 44 25 17 25 28 41 3 14 37 37 30 49 39 32 14 9 2 42 35 32 28 47 45 44 1 40 37 40 38 27 1 2 6 31 1 45 5 29 36 8 36 48 44 14 38 33 4 6 30 12 31 20 22 34 1 20 36 31 48 24 36 32 16 43 47 29 34 18 11 49 40 19 35 33 26 2 40 49 34 23 30 35 11 27 18 38 3 3 16 41 8 48 45 18 9 15 19 1 32 28 31 36 11 41 12 1 8 24 49 14 47 25 32 32 50 7 40 50 43 31 10 38 9 24 46 39 15 44 24 42 25 50 8 11 48 34 19 13 36 42 42 35 47 10 6 37 13 20 9 25 48 43 43 8 13 6 22 28 17 12 8 27 22 50 21 37 26 12 5 44 18 18 32 7 49 15 42 44 41 42 22 30 12 7 25 30 30 46 6 24 17 40 23 35 30 25 10 9 37 50 39 27 29 29 34 40 15 49 38 24 48 37 16 3 2 38 41 42 39 35 4 18 15 20 17 38 9 37 32 31 34 28 43 9 6 15 28 11 11 19 3 16 45 3 49 31 36 7 37 15 24 20 22 44 7 25 41 10 21 7 1 34 38 2 42 7 18 50 14 22 46 35 7 10 46 13 45 28 17 50 46 24 6 13 39 42 45 40 34 1 48 24 14 7 6 2 1 22 16 44 33 26 7 34 19 4 4 15 16 19 29 41 30 1 19 23 2 4 17 26 33 35 5 10 6 48 39 32 45 44 26 25 13 49 18 37 11 46 2 1 11 9 37 29 31 16 6 3 11 48 39 19 23 5 28 46 9 7 20 44 25 37 8 50 13 16 47 18 24 17 50 31 22 8 19 38 28 2 7 9 5 31 13 17 1 42 34 37 9 18 11 9 2 44 36 43 28 39 48 27 40 39 6 11 15 36 12 22 19
13 956 994 1013 704 788 39 82 923 461 301 404 339 222
10 75 24 942 719 88 567 1024 640 271 425
16 1023 902 694 206 72 233 217 310 501 355 171 936 3 37 81 731
12 754 738 69 898 155 979 9 452 959 997 166 79
24 117 802 848 855 210 909 139 471 317 370 476 929 71 782 455 605 523 187 256 599 444 458 436 248
14 973 580 144 290 118 477 343 744 323 894 531 749 247 970
19 141 604 479 1 807 344 965 488 550 743 27 747 824 430 899 269 857 116 195
18 507 345 392 43 170 42 1020 726 686 850 877 820 737 1000 465 796 289 257
13 138 827 581 302 971 47 48 441 728 494 776 94 767
15 421 76 739 360 588 298 162 569 453 745 653 654 814 679 537
14 371 232 180 434 757 362 152 691 964 804 121 35 837 684
9 969 772 874 910 10 781 803 176 498
18 312 431 394 524 532 255 658 146 20 224 36 993 625 203 991 975 182 702
14 156 998 932 570 460 266 586 1005 663 390 841 399 982 736
20 410 926 80 348 130 191 546 77 316 769 90 883 823 318 906 218 388 623 692 846
18 51 854 698 52 522 105 147 893 246 512 419 878 652 337 589 755 361 386
23 250 22 741 326 23 643 811 450 53 783 12 939 861 972 545 922 474 25 825 83 610 305 164
16 335 963 797 490 983 978 502 45 602 67 368 779 931 805 542 941
16 988 8 830 876 921 681 534 408 219 634 890 73 357 669 114 158
14 406 555 651 867 429 630 646 729 123 389 958 798 529 74
14 561 839 844 163 254 913 573 500 576 670 281 870 822 714
16 879 985 622 543 447 184 511 748 274 785 459 763 129 514 547 996
20 815 402 1009 309 554 204 526 136 223 236 564 696 577 104 469 591 482 957 365 486
13 601 518 908 717 771 638 697 160 718 270 521 990 856
18 1003 955 264 422 300 645 598 838 863 342 313 167 1010 690 617 1017 30 169
18 540 299 553 324 987 583 565 764 220 558 655 816 379 61 137 225 400 951
14 193 473 832 151 62 350 600 415 393 478 367 759 463 727
23 649 126 442 562 154 331 809 819 579 276 364 869 285 7 829 778 724 636 527 265 470 873 239
16 268 584 341 56 85 795 161 17 409 153 243 351 41 930 5 307
9 291 122 786 912 962 559 240 101 1021
19 97 405 124 456 862 947 774 594 327 308 21 378 808 278 889 706 66 821 178
10 700 637 407 925 708 492 485 272 14 647
18 26 279 642 880 720 571 578 934 1008 989 885 999 34 904 148 60 325 886
13 449 680 87 437 306 89 723 544 273 2 369 1016 940
19 707 333 725 207 504 671 433 466 556 572 40 125 168 568 806 766 416 403 92
14 287 950 952 352 374 920 587 891 258 1018 192 251 712 292
20 328 775 641 113 859 659 99 888 784 924 826 46 93 603 840 109 624 506 284 632
9 338 228 960 70 705 197 752 563 196
18 709 18 280 864 296 672 682 703 753 489 711 575 732 831 322 149 426 843
8 260 127 143 214 241 358 38 1011
16 414 59 882 949 866 683 252 528 792 432 626 730 242 508 787 760
21 520 872 334 4 628 183 835 986 177 462 55 120 32 245 770 304 49 349 735 678 900
23 761 596 1015 44 884 172 315 918 629 516 842 277 881 11 293 227 675 106 499 505 615 332 385
16 445 150 597 813 435 966 849 401 340 487 175 865 513 695 472 186
19 661 16 609 937 212 263 454 852 253 992 810 1019 133 1007 948 928 789 480 903
13 606 582 549 574 627 128 199 660 320 648 475 611 377
15 267 915 668 525 396 200 1012 590 135 54 657 443 566 1014 758
15 799 229 539 283 446 311 860 976 974 78 687 286 1001 762 858
15 980 961 188 548 533 448 262 216 768 205 676 733 230 467 64
18 366 19 722 347 607 63 911 424 383 173 943 517 515 780 751 620 742 329
20 58 777 297 612 750 211 905 685 412 189 509 13 595 213 740 818 411 353 6 112
15 916 688 235 552 836 667 847 483 530 510 535 398 619 134 1022
26 677 519 981 438 238 468 249 288 794 275 765 1006 656 464 538 96 451 439 834 715 380 1004 363 689 84 221
14 381 108 871 384 734 420 387 179 208 716 261 359 633 354
17 773 536 481 631 29 321 833 336 914 817 673 701 427 375 895 868 496
14 828 585 397 102 346 791 91 303 497 86 593 314 194 484
12 244 845 319 897 231 614 209 237 282 551 115 503
11 159 953 142 493 226 119 917 201 944 50 294
11 107 933 851 984 95 65 202 57 875 382 418
18 28 935 713 491 639 457 495 662 621 616 853 592 977 440 356 557 15 174
12 613 111 967 131 100 165 793 259 946 1002 413 650
22 33 635 938 295 215 103 927 710 185 190 132 746 800 31 665 98 674 428 608 145 644 181
22 887 693 801 901 618 892 896 68 919 110 373 391 234 699 560 756 198 417 664 330 945 423
14 376 907 995 372 395 968 666 157 790 812 721 954 140 541
