128 1024
49 37 8 1 45 27 46 13 10 25 32 13 14 32 26 21 14 40 41 34 16 1 27 19 23 43 36 14 48 25 27 4 44 6 38 38 34 18 7 12 5 22 21 22 4 43 11 23 18 38 18 22 2 35 43 45 39 12 26 28 46 5 7 1 40 14 10 15 44 3 10 14 38 4 38 41 6 49 40 49 12 4 40 25 45 40 5 33 35 37 17 20 4 23 27 7 28 50 36 29 39 19 36 26 42 26 16 20 35 4 23 8 10 21 16 41 37 6 36 9 12 9 26 12 42 40 18 3
2 42 15 13 14 19 39 2 43 26 24 13 20 22 18 44 39 4 13 40 23 35 48 31 6 28 44 33 25 8 25 25 3 23 46 40 27 41 40 14 40 46 41 46 35 23 6 25 33 44 48 21 42 15 20 14 25 49 18 6 25 46 47 34 26 20 11 24 49 29 24 28 36 36 25 39 50 15 8 13 22 35 22 27 16 7 14 13 2 50 14 19 8 35 29 19 25 9 43 29 45 16 19 43 19 28 7 6 41 21 11 30 17 42 35 13 28 47 32 35 9 17 26 48 13 5 43 1
29 2 17 45 46 42 26 50 41 33 36 27 41 5 21 41 29 33 27 3 26 40 11 32 49 44 35 40 4 43 16 50 50 32 40 17 12 44 21 28 3 29 34 6 3 45 21 13 3 16 8 3 43 38 25 47 4 28 10 5 3 23 16 33 2 16 42 40 7 14 40 37 36 19 44 15 27 2 1 29 4 33 18 5 31 19 21 37 44 8 31 15 39 17 33 39 2 16 18 19 34 2 12 46 26 44 20 29 21 2 48 16 36 29 49 28 34 41 31 4 14 45 13 4 41 3 30 27 10 44 5 21 48 45 9 15 8 8 45 41 47 14 7 10 7 45 50 7 10 38 44 47 38 32 34 37 41 28 28 48 35 43 45 34 11 32 10 6 29 23 30 45 35 6 18 27 31 27 24 33 40 40 29 46 24 49 6 35 16 26 14 13 17 23 12 49 16 19 19 42 12 8 26 2 43 17 1 24 16 2 10 37 17 33 30 35 46 20 43 31 12 49 6 49 4 31 32 19 14 34 21 36 36 50 28 17 31 24 21 37 25 46 35 12 10 9 45 11 32 48 43 28 49 15 22 27 11 2 22 37 30 20 46 43 14 38 29 23 39 1 47 3 13 14 17 33 22 26 11 5 11 21 11 34 1 39 25 17 21 7 13 21 46 38 37 11 45 25 17 13 15 18 28 7 16 25 14 4 26 35 42 5 46 27 33 14 8 43 35 4 10 14 39 32 27 16 6 45 5 9 14 42 9 44 5 9 28 29 16 16 11 46 26 44 32 18 21 46 40 36 41 16 26 8 46 16 35 9 35 15 12 39 39 20 28 18 49 48 44 6 49 32 1 35 29 12 7 34 39 12 41 18 12 43 24 1 35 14 48 19 44 37 38 37 4 17 45 35 38 46 17 1 29 2 7 20 6 23 3 38 38 49 35 9 17 32 4 20 44 25 31 9 44 24 41 46 8 20 18 41 38 23 50 49 21 26 33 46 38 13 12 19 32 41 50 29 9 46 8 39 19 28 25 3 37 20 45 24 26 17 39 28 11 37 4 35 8 3 18 42 36 15 43 7 47 13 37 29 32 7 42 6 25 27 12 18 16 49 45 29 17 50 3 41 49 32 26 38 22 45 48 18 21 46 5 44 24 37 11 26 43 3 11 44 27 23 1 29 3 20 8 35 3 10 3 28 19 3 18 35 50 11 36 45 38 20 32 1 17 39 42 22 30 28 10 2 29 44 25 23 11 43 7 5 48 40 8 22 37 17 50 37 38 37 29 7 35 50 1 10 11 49 49 37 45 30 46 23 5 17 33 14 2 7 34 29 33 7 23 16 5 39 12 6 9 50 39 9 12 49 29 14 2 43 23 40 23 21 6 34 19 48 33 23 32 37 21 19 35 45 13 43 27 26 43 41 18 16 42 11 18 43 3 47 19 43 7 39 9 21 9 45 26 35 48 46 18 33 10 37 7 34 11 16 25 32 28 32 8 3 25 40 47 46 33 28 25 28 29 39 25 50 6 21 31 36 34 40 38 39 30 16 32 36 48 42 50 1 30 41 40 3 18 33 44 33 29 7 47 25 35 2 23 5 23 4 39 9 4 15 28 26 22 49 43 2 21 44 28 2 4 27 25 13 28 8 41 7 8 46 45 43 37 4 45 38 33 24 16 18 40 16 18 19 21 16 8 18 39 49 1 47 17 36 16 35 4 10 17 27 42 4 11 48 16 16 31 46 37 20 12 4 13 6 1 23 34 45 25 10 2 1 4 28 10 17 32 12 20 16 32 7 48 17 8 43 35 18 35 24 6 42 41 10 8 39 21 40 41 49 25 26 49 49 6 27 32 50 47 41 48 3 14 28 13 28 15 12 36 20 43 5 4 28 36 43 32 26 14 38 44 8 6 38 3 6 27 48 15 28 27 9 30 5 9 7 28 35 38 26 18 9 3 4 39 47 20 37 25 49 44 7 44 11 47 8 1 3 9 37 12 14 1 5 30 38 34 49 13 21 42 1 4 9 15 17 12 16 21 1 3 26 26 46 46 26 42 47 41 38 20 2 45 5 33 11 30 22 35 37 44 1 10 25 3 12 20 39 32 26 17 10 35 15 1 39 3 38 38 45 48 17 5 6 29 1 41 24 25 28 22 48 9 17 46 47 34 24 7 16 26 6 13 35 35 18 20 45 33 19 2 26 12 10 33 5 30 46 32 10 11 8 47 37 47 24 14 2 11 1 35 41 24 49 48 5 45 31 11 21 30 40 26 2 27 37 37 7 45 32 29 50 3 32 24 29 15 47 29 21 24 19 2 45
9 332 493 435 1018 887 86 997 424 279
4 362 547 815 587
7 179 920 513 761 523 35 359
5 384 663 269 779 881
4 817 701 507 688
4 422 992 904 78
8 270 830 926 687 95 49 849 440
5 210 851 915 902 1
6 456 729 841 971 389 710
10 455 267 792 500 774 641 989 43 715 44
12 923 191 913 789 430 736 381 952 948 892 87 775
11 968 414 855 906 1013 75 826 562 484 457 629
6 408 640 295 162 405 173
10 835 437 735 172 791 960 608 961 1006 321
6 164 838 101 431 845 527
9 146 712 778 524 245 864 570 620 261
4 160 349 412 239
5 882 68 501 407 238
7 963 927 183 391 583 985 536
8 419 658 822 521 738 698 207 495
11 489 499 93 896 840 699 565 814 831 525 911
4 634 33 236 799
7 54 655 751 664 921 482 516
15 399 334 314 483 823 97 139 322 652 510 21 945 661 72 134
7 84 244 637 550 140 467 888
7 871 249 696 734 862 604 92
10 991 308 515 780 256 346 338 443 325 143
7 809 188 478 498 145 7 441
13 607 326 189 627 100 350 617 427 941 766 133 603 130
11 857 410 930 555 159 221 868 379 121 186 445
9 372 508 230 343 747 9 537 783 694
9 357 806 47 335 878 951 454 55 679
9 880 157 313 1004 615 632 874 469 681
10 131 731 496 465 965 115 950 837 106 27
5 740 103 1022 544 328
9 858 999 596 979 879 468 303 981 638
6 228 539 18 598 300 526
7 250 116 847 128 827 302 345
9 475 599 975 268 65 393 304 585 588
5 768 296 613 724 213
6 910 690 899 1000 554 503
11 216 129 301 32 996 257 593 231 63 490 246
10 285 82 320 366 717 925 163 877 105 582
9 64 355 446 802 695 434 505 14 318
8 670 606 460 214 149 255 805 480
9 850 949 17 392 117 486 995 1008 602
5 518 235 190 549 788
14 798 254 234 639 1011 897 832 863 293 377 453 252 745 461
9 682 966 108 307 136 928 48 363 635
9 643 288 331 675 659 88 533 152 1007
5 542 656 153 344 247
8 561 605 685 176 429 722 56 53
6 316 972 243 155 487 299
6 1017 943 4 83 749 956
10 680 347 625 201 114 844 20 24 364 540
5 914 884 781 986 339
11 865 416 895 647 825 276 272 719 287 852 142
11 181 833 240 41 291 198 824 763 11 444 120
5 184 662 509 30 19
7 370 497 653 626 66 839 374
13 305 70 575 135 743 668 741 449 439 96 396 978 36
11 147 757 38 1003 576 908 485 126 676 705 376
5 312 530 759 916 883
7 612 175 220 642 459 980 274
15 79 924 631 760 818 885 819 420 80 406 13 776 848 519 281
10 473 25 358 777 800 294 875 1015 52 785
7 324 200 742 477 16 124 988
4 578 618 436 931
7 195 309 1009 45 929 442 514
12 197 330 918 846 119 728 426 488 1020 872 113 463
14 750 708 258 665 263 40 174 856 807 559 873 59 1014 271
11 517 10 373 541 352 933 50 203 898 275 810
6 901 1019 671 597 94 797
8 215 990 984 212 812 713 474 58
5 491 900 633 686 723
8 144 907 39 886 529 494 69 937
11 12 811 697 218 546 967 168 37 380 132 122
9 707 5 450 34 703 378 983 137 586
9 762 711 341 476 6 649 388 866 786
8 954 702 199 125 351 42 365 551
5 709 46 311 580 26
6 1016 428 151 739 765 973
11 452 8 375 165 867 447 458 3 903 15 932
3 940 417 90
12 691 193 648 998 109 315 754 290 758 869 531 1021
3 964 385 870
8 938 854 528 579 860 432 590 266
10 733 843 976 946 660 348 572 876 466 623
7 567 418 81 464 512 725 595
8 796 654 574 479 683 154 448 890
12 185 156 504 259 369 522 630 677 958 104 552 803
12 383 571 67 60 85 102 472 614 31 260 342 644
2 273 957
7 706 784 337 969 310 548 403
7 573 556 558 280 354 947 1012
9 721 532 673 581 329 770 219 610 622
6 91 836 110 438 76 535
12 756 657 233 917 891 150 820 801 746 944 672 390
13 367 842 666 692 386 225 360 277 560 628 387 716 502
6 23 138 1002 534 772 171
8 752 57 566 993 112 451 859 912
4 828 821 894 361
7 753 669 161 953 794 737 222
8 650 141 714 624 577 51 782 209
5 111 98 401 1010 319
5 284 962 371 564 893
14 959 853 589 922 557 169 89 180 471 206 423 538 704 395
6 178 919 411 241 61 282
12 684 306 433 601 223 726 22 99 771 935 520 421
5 621 600 232 563 773
4 398 336 2 62
8 584 616 166 202 278 942 955 793
7 718 170 545 568 492 107 251
4 974 970 829 787
14 755 470 813 394 730 939 264 353 790 253 327 645 767 227
6 816 553 936 356 289 764
9 118 404 982 808 205 397 226 28 333
8 167 415 667 889 323 400 148 237
7 834 674 286 292 71 409 297
11 689 795 651 619 242 543 1023 123 402 804 217
6 592 506 744 594 905 29
11 700 569 127 224 187 382 611 204 77 283 481
2 192 720
11 298 727 158 248 317 462 994 511 646 74 196
7 609 262 208 211 425 73 977
9 861 177 678 769 1001 413 194 265 732
6 368 909 591 340 229 1005
7 636 748 934 987 693 1024 182
